.Random.seed <-
c(403L, 531L, 1689639110L, 1579142726L, -608677968L, 340301929L, 
1358239112L, 675489198L, 359259444L, -1028257481L, 244300950L, 
161836623L, -323364600L, -1925093758L, 939250849L, 2038281138L, 
-1751796596L, -1151567275L, 687175857L, 426992603L, -1524661873L, 
806770566L, 1543622814L, 997729767L, 1664933083L, 1885915633L, 
1367949772L, -524963163L, -183164712L, 1599377129L, -402057656L, 
107169968L, 1300583223L, -410176866L, 1000902726L, 2112909094L, 
612059378L, 1165638820L, -129490891L, -581413734L, 240822067L, 
176799591L, 1760034535L, -221868414L, -146418117L, 1917842559L, 
-1837030579L, 462005027L, 412088676L, 2011077893L, 1764119260L, 
-31177278L, -1544060433L, 1429688629L, 1678575198L, 1951228931L, 
1835410588L, -519683860L, 2140060889L, -750415074L, 319263398L, 
-622377732L, -1411750178L, 1442498864L, 1427744065L, -2010170800L, 
259080213L, -1481227281L, -1286845279L, 1204904895L, -330290797L, 
1417348707L, 182369002L, -1571792986L, -1413118447L, -1354528143L, 
-1494484L, 719900613L, 890480934L, 379198043L, -84954890L, 1157605300L, 
1260541719L, 1192673590L, -1749470887L, 474559191L, 1478604285L, 
784448520L, -674716455L, 1659226663L, -1862033406L, -532744920L, 
-746508453L, 820128274L, 2035595545L, -1041608608L, 805305705L, 
-1574826940L, -1379269613L, -318983677L, -1679891803L, 1306111729L, 
33000338L, -1860768870L, 2042675058L, 1000266887L, 1380760189L, 
96930670L, 826473413L, -1746371430L, 1158665613L, 125233044L, 
-398313116L, -1237913922L, 287557562L, -709709915L, 3287608L, 
-1757573869L, 1353910243L, 1768628764L, 1521622649L, 752211525L, 
1971642654L, -1434497647L, -1493143205L, -1459311994L, 1035341240L, 
1811548684L, 527146043L, 1193148380L, -1170271922L, 860742308L, 
1880833032L, -1875047397L, 197404689L, -1622798478L, -2121914993L, 
-798916516L, -269900611L, -631640155L, 1737382276L, -709814957L, 
-1547176833L, -1600932393L, -315827914L, -878047653L, -202624693L, 
234880891L, -659331239L, -1335821906L, 2002758089L, 1115740116L, 
423531871L, -2015106670L, -724679206L, 1748911802L, -2072873454L, 
2018283118L, 692341773L, 1259532L, 1996752838L, 1493220133L, 
1361386522L, 1163719582L, -1450475616L, -152119301L, 937834906L, 
-1027600017L, -1255211702L, -923348926L, -13734419L, -556919300L, 
914246722L, -440750179L, 790530200L, -1700375105L, 1769919864L, 
66482320L, 284131776L, 1055142937L, 1944368324L, -1009228165L, 
-1670383745L, 1380881200L, 1304811402L, 511103502L, -1727563370L, 
-149906172L, -1073994373L, 578100838L, 1247223170L, -448147914L, 
779385954L, -328539546L, -1682567606L, 1842178954L, -5518600L, 
-468586250L, -1694002508L, -1058018649L, -66656811L, 337831277L, 
824389172L, 598465733L, 538539674L, -1118672299L, 1901808001L, 
1628653142L, -1562852456L, 1518250345L, 154636472L, 140551015L, 
-619324270L, -2100322084L, 921834917L, 743126521L, 391260706L, 
-1363839147L, -537850543L, -1527720217L, -1703249384L, -285128917L, 
1466241003L, 1374670760L, -1331245968L, 1769233935L, -2048256863L, 
1279770306L, -1773228475L, 165694914L, -259112352L, 338368815L, 
-2121955379L, 1657913470L, -1034189175L, 735018796L, -110037775L, 
-41869235L, 1484501425L, -627386858L, 580300685L, 1202134459L, 
890052367L, 397305869L, -1912358690L, -780390579L, 915401154L, 
546129756L, -916852946L, -216700061L, -1086444776L, 692903583L, 
-311201311L, 1717760605L, 1761578285L, 415620869L, -1054223963L, 
-1289235740L, -1610901393L, 1899150048L, 1945254674L, -1703371312L, 
1432103656L, 319763660L, 1350678506L, -409304585L, 904948508L, 
-1938051297L, 740083397L, -36742248L, 301820232L, 1536598758L, 
1633582212L, -2122331423L, 649182282L, -524811803L, -394678315L, 
379308070L, -1767694532L, 1965162072L, 2085520743L, 810236706L, 
828248755L, -1277613934L, 38323412L, 180649338L, -1776218436L, 
-130356185L, 69699299L, -206033733L, 183044204L, -854507693L, 
1163183769L, 1866037443L, -1631183865L, 609840105L, -2006402112L, 
-1309666342L, -1594502713L, 1305363364L, -214800203L, -2125103947L, 
-1425372012L, -1458370172L, -1066535328L, -641440994L, 1326900808L, 
-660165227L, -874498261L, 1885439527L, 1968660813L, -1888980474L, 
70338174L, 1644441880L, -1582313290L, 833800427L, -1929597487L, 
-548884872L, 836749274L, -1636281526L, 343770272L, -862671864L, 
-1090431655L, 183995092L, 1552195269L, 209427393L, 1361510362L, 
-1858426076L, 750623878L, -736925834L, -1433988732L, 777784844L, 
-1653062908L, 1815192487L, -1163004513L, 1562606916L, -432556110L, 
-73121308L, 2097688535L, -985359572L, -707215287L, 290991524L, 
-232016290L, -564923010L, 1433888395L, 1863617585L, -125472094L, 
800396987L, -906447598L, 1916895233L, -1179753621L, -1968045972L, 
-1756604223L, 639534375L, -33587594L, -1189738103L, -1465491825L, 
974439897L, 1212406202L, -1600157533L, 1551488748L, 34600051L, 
-1621091593L, 649592152L, 697393181L, 1323826965L, 142325054L, 
-150375859L, 459804732L, -2023365369L, -781802926L, -1766733809L, 
1117787331L, -1415143278L, -544179180L, -370174656L, 964496272L, 
-1880899938L, 714311389L, -1889368802L, 1797836198L, 911566727L, 
-1690467579L, -351436813L, -222869647L, 422996903L, -1936391895L, 
-1605406624L, 1869842727L, -352524122L, -1885777962L, -962810307L, 
-11402713L, 2129438320L, -1405093293L, 1145267110L, 2143468057L, 
9113882L, -918615801L, -1795127521L, 689055347L, 1876068136L, 
-1510707690L, -2022010787L, 324324350L, 1593186200L, -1650237758L, 
1645733917L, -783612469L, -1798476226L, 1263266397L, 2045239583L, 
868535553L, 1487778519L, -1317302307L, 778487947L, 873415448L, 
-1509523290L, -653282754L, 806478757L, -1351655072L, 1504904542L, 
131829971L, -1170921808L, 527529859L, 564309926L, 465726060L, 
341245794L, -1387228661L, 1950859527L, 1200433823L, 6476296L, 
-1466858130L, -473029993L, 1518577007L, 1778465954L, -567610637L, 
-82248347L, 1248857312L, 224904474L, 245709350L, 1263486283L, 
1511413232L, -1385922988L, 1042047126L, 1738576854L, 696447159L, 
-511033450L, 1946530713L, 711076196L, 1764753524L, -367200092L, 
417106851L, -1863896535L, 495575643L, -766972897L, -823520744L, 
285768260L, -297420401L, -2029907043L, 312149480L, -1558813441L, 
1359010377L, -367379839L, -186460143L, 1859992035L, -612593538L, 
1183136353L, -754124883L, -1986495124L, -1947377428L, -1409872274L, 
-444323126L, -1528405560L, 993251541L, -1734736837L, -1153933618L, 
-995589480L, -1879856170L, -1944227773L, 258755499L, -1171432229L, 
1671343496L, 115545648L, -2079940208L, 1041446144L, -80185075L, 
241547934L, -974396460L, 207558160L, 1148508913L, -271173843L, 
1125237649L, 1332685013L, -1389932962L, 2988956L, -1073096280L, 
-733035929L, 755848131L, 1759525993L, 1961511848L, 505067378L, 
-1997800673L, 1257541410L, -2017753828L, 159591119L, 1318473351L, 
-1706165393L, 1442361985L, -1884898594L, -708545591L, 164886735L, 
-653689215L, 1447291992L, 871560620L, -1122002508L, -1758139751L, 
636055079L, 1011372465L, 96938768L, -1879467229L, 1090762708L, 
213792014L, -1098578407L, 1198521143L, 1903338462L, 46415733L, 
1342763626L, 683668348L, 1689582944L, 1763056163L, 206357765L, 
578989122L, -605143747L, -1915404962L, 1154479480L, 326034452L, 
-1835694629L, -748916806L, -1764238359L, 1578482324L, 1192084645L, 
538642116L, 868954718L, 1948040905L, -382598751L, -2105811208L, 
148393844L, 876052459L, 1012056200L, 1886983437L, -1297696674L, 
1267790745L, 2019781333L, 511799213L, -1683900800L, -1309989459L, 
-1759169818L, -1273047382L, -2113666177L, 464424057L, 811036823L, 
1803320995L, 1583399289L, -376782497L, -323884918L, 2046858584L, 
-1277911301L, 1667684324L, -1582557440L, 32482563L, 170551174L, 
-638530744L, -1531261133L, -107418391L, -570410849L, 1780334138L, 
-1743058316L, -1444646148L, -1404895340L, -844828990L, 175478111L, 
2034999654L, 829103115L, -1486033247L, 197179406L, 641527140L, 
-1317510235L, 2043420135L, -1214831036L, 1868188723L, -2060462685L, 
-308885550L, 138035362L, 1741741259L, -2118843724L, -1666252627L, 
-490397312L, -279458891L, -2101323438L, -1942871976L, 326805470L, 
781240741L, 1035228191L, 434594451L, 1681452576L, -874252818L, 
